-0.000000000000000000e+00
2.192497483885928578e+00
4.339360996055179776e+00
6.422320042285673658e+00
8.428497710191663828e+00
1.035027149271011737e+01
1.218450318196938298e+01
1.393149821821598700e+01
1.559396746590028826e+01
1.717614171471858953e+01
1.868308997079259370e+01
2.012023339600100869e+01
2.149302079541221744e+01
2.280672598244258609e+01
2.406633154506257455e+01
2.527647096955595174e+01
2.644140851073706600e+01
2.756504238051380540e+01
2.865092151431101897e+01
2.970226953620336019e+01
3.072201186612855039e+01
3.171280347452511350e+01
3.267705581755333810e+01
3.361696214900415214e+01
3.453452082365678422e+01
3.543155646451427288e+01
3.630973901939231752e+01
3.717060081834667784e+01
3.801555178717761407e+01
3.884589298992003137e+01
3.966282867527635148e+01
4.046747699506748575e+01
4.126087955119245265e+01
4.204400991392414966e+01
4.281778124021303711e+01
4.358305310695092061e+01
4.434063766136770823e+01
4.509130517913995817e+01
4.583578911047128202e+01
4.657479068535042188e+01
4.730898314135195903e+01
4.803901563063132585e+01
4.876551685709565476e+01
4.948909849001757522e+01
5.021035839652221000e+01
5.092988373235539967e+01
5.164825392808160842e+01
5.236604360632849620e+01
5.308382546487624865e+01
1.874859346626270735e+03
